149.40416666666664 2.5733333333333333
149.49416666666662 2.2569444444444446
149.73749999999998 1.9969444444444444
149.81124999999997 2.205277777777778
149.84041666666664 2.1105555555555555
149.92208333333332 2.6077777777777778
149.94916666666666 2.7977777777777777
150.05249999999998 2.3375000000000004
150.05791666666667 2.3802777777777777
150.07666666666665 2.6458333333333335
150.15916666666664 2.6925000000000003
150.1983333333333 1.8397222222222225
150.20499999999998 1.857777777777778
150.2108333333333 2.8169444444444443
150.23624999999998 2.207222222222222
150.35208333333333 1.8558333333333334
150.54666666666665 2.1941666666666664
150.57 2.4986111111111113
150.61458333333331 2.0808333333333335
150.725 2.2416666666666667
