149.45 1.9233333333333331 
149.46124999999998 1.938611111111111 
149.4670833333333 2.3491666666666666 
149.47541666666663 1.9977777777777779 
149.5233333333333 2.070277777777778 
149.5283333333333 1.9691666666666667 
149.58916666666667 1.7436111111111112 
149.6245833333333 1.626111111111111 
149.62916666666666 1.7255555555555557 
149.67249999999999 2.7794444444444446 
149.71625 2.303611111111111 
149.73375 2.798611111111111 
149.7770833333333 2.756666666666667 
149.83083333333332 1.6480555555555556 
149.85291666666663 2.147777777777778 
149.85749999999996 2.5108333333333333 
149.8708333333333 1.7647222222222223 
149.8745833333333 2.2311111111111113 
149.8795833333333 2.0413888888888887 
149.8833333333333 2.1716666666666664 
149.90291666666664 2.6058333333333334 
149.91291666666663 2.5122222222222224 
149.91666666666663 2.836666666666667 
149.91833333333332 2.5480555555555555 
149.92791666666665 2.4747222222222223 
149.9295833333333 2.471111111111111 
149.96249999999998 2.21 
149.99874999999997 2.063333333333333 
150.04041666666663 2.415277777777778 
150.11916666666664 2.321944444444444 
150.12333333333333 2.6716666666666664 
150.19624999999996 2.4919444444444445 
150.21166666666664 2.065833333333333 
150.23208333333332 1.6391666666666667 
150.23624999999998 2.3516666666666666 
150.26916666666668 2.4169444444444443 
150.27041666666665 2.3461111111111115 
150.27208333333334 2.758611111111111 
150.28291666666667 2.0925000000000002 
150.28333333333333 1.935 
150.33416666666668 1.7641666666666667 
150.45041666666665 2.390277777777778 
150.53541666666666 2.2394444444444446 
150.58416666666665 2.3930555555555557 
150.58791666666664 2.5777777777777775 
150.64999999999998 2.801944444444444
150.70166666666663 2.2394444444444446
